DATASET_NAME: Loan.csv
ENSEMBLE: RF
NB_TREES: 10
NB_FEATURES: 33
NB_CLASSES: 2
MAX_TREE_DEPTH: 3
Format: node / node type (LN - leave node, IN - internal node) left child / right child / feature / threshold / node_depth / majority class (starts with index 0)

[TREE 0]
NB_NODES: 15
0 IN 1 8 11 1.0235496759414673 0 -1
1 IN 2 5 7 -0.34350887686014175 1 -1
2 IN 3 4 4 0.025597309693694115 2 -1
3 LN -1 -1 -2 -2.0 3 0
4 LN -1 -1 -2 -2.0 3 0
5 IN 6 7 2 0.48421230912208557 2 -1
6 LN -1 -1 -2 -2.0 3 0
7 LN -1 -1 -2 -2.0 3 1
8 IN 9 12 1 0.3464444577693939 1 -1
9 IN 10 11 2 -1.101905107498169 2 -1
10 LN -1 -1 -2 -2.0 3 0
11 LN -1 -1 -2 -2.0 3 1
12 IN 13 14 4 0.5588138699531555 2 -1
13 LN -1 -1 -2 -2.0 3 1
14 LN -1 -1 -2 -2.0 3 0

[TREE 1]
NB_NODES: 15
0 IN 1 8 32 0.40404021739959717 0 -1
1 IN 2 5 31 0.5749997496604919 1 -1
2 IN 3 4 13 0.6015928685665131 2 -1
3 LN -1 -1 -2 -2.0 3 0
4 LN -1 -1 -2 -2.0 3 1
5 IN 6 7 2 0.5709002017974854 2 -1
6 LN -1 -1 -2 -2.0 3 0
7 LN -1 -1 -2 -2.0 3 1
8 IN 9 12 13 0.6015928685665131 1 -1
9 IN 10 11 28 2.1764300763607025 2 -1
10 LN -1 -1 -2 -2.0 3 0
11 LN -1 -1 -2 -2.0 3 1
12 IN 13 14 4 -0.3873213082551956 2 -1
13 LN -1 -1 -2 -2.0 3 1
14 LN -1 -1 -2 -2.0 3 1

[TREE 2]
NB_NODES: 15
0 IN 1 8 4 0.0027302640955895185 0 -1
1 IN 2 5 8 -0.3479349613189697 1 -1
2 IN 3 4 0 1.07379549741745 2 -1
3 LN -1 -1 -2 -2.0 3 0
4 LN -1 -1 -2 -2.0 3 1
5 IN 6 7 0 0.7096796333789825 2 -1
6 LN -1 -1 -2 -2.0 3 1
7 LN -1 -1 -2 -2.0 3 1
8 IN 9 12 13 0.6015928685665131 1 -1
9 IN 10 11 8 -1.0089884996414185 2 -1
10 LN -1 -1 -2 -2.0 3 0
11 LN -1 -1 -2 -2.0 3 0
12 IN 13 14 7 -0.34350887686014175 2 -1
13 LN -1 -1 -2 -2.0 3 1
14 LN -1 -1 -2 -2.0 3 1

[TREE 3]
NB_NODES: 15
0 IN 1 8 2 -0.1063489131629467 0 -1
1 IN 2 5 2 -1.0761696696281433 1 -1
2 IN 3 4 4 -0.19457626342773438 2 -1
3 LN -1 -1 -2 -2.0 3 0
4 LN -1 -1 -2 -2.0 3 0
5 IN 6 7 10 0.14002631604671478 2 -1
6 LN -1 -1 -2 -2.0 3 0
7 LN -1 -1 -2 -2.0 3 0
8 IN 9 12 0 0.589452713727951 1 -1
9 IN 10 11 4 -0.09746585413813591 2 -1
10 LN -1 -1 -2 -2.0 3 1
11 LN -1 -1 -2 -2.0 3 0
12 IN 13 14 2 1.3483821749687195 2 -1
13 LN -1 -1 -2 -2.0 3 1
14 LN -1 -1 -2 -2.0 3 1

[TREE 4]
NB_NODES: 15
0 IN 1 8 2 -0.1063489131629467 0 -1
1 IN 2 5 7 1.5164613723754883 1 -1
2 IN 3 4 4 -0.1868545338511467 2 -1
3 LN -1 -1 -2 -2.0 3 0
4 LN -1 -1 -2 -2.0 3 0
5 IN 6 7 0 -1.317002773284912 2 -1
6 LN -1 -1 -2 -2.0 3 1
7 LN -1 -1 -2 -2.0 3 0
8 IN 9 12 11 -0.3312531113624573 1 -1
9 IN 10 11 7 0.5864762589335442 2 -1
10 LN -1 -1 -2 -2.0 3 1
11 LN -1 -1 -2 -2.0 3 1
12 IN 13 14 4 0.6330125033855438 2 -1
13 LN -1 -1 -2 -2.0 3 1
14 LN -1 -1 -2 -2.0 3 0

[TREE 5]
NB_NODES: 15
0 IN 1 8 11 1.0235496759414673 0 -1
1 IN 2 5 4 0.1709088832139969 1 -1
2 IN 3 4 11 -0.281929686665535 2 -1
3 LN -1 -1 -2 -2.0 3 1
4 LN -1 -1 -2 -2.0 3 0
5 IN 6 7 4 0.4165581911802292 2 -1
6 LN -1 -1 -2 -2.0 3 0
7 LN -1 -1 -2 -2.0 3 0
8 IN 9 12 4 -0.039247309789061546 1 -1
9 IN 10 11 2 -1.101905107498169 2 -1
10 LN -1 -1 -2 -2.0 3 0
11 LN -1 -1 -2 -2.0 3 1
12 IN 13 14 2 -0.809333473443985 2 -1
13 LN -1 -1 -2 -2.0 3 0
14 LN -1 -1 -2 -2.0 3 1

[TREE 6]
NB_NODES: 15
0 IN 1 8 10 -0.31961870193481445 0 -1
1 IN 2 5 5 4.820065259933472 1 -1
2 IN 3 4 6 0.17518530040979385 2 -1
3 LN -1 -1 -2 -2.0 3 0
4 LN -1 -1 -2 -2.0 3 0
5 IN 6 7 10 -0.4904446303844452 2 -1
6 LN -1 -1 -2 -2.0 3 1
7 LN -1 -1 -2 -2.0 3 0
8 IN 9 12 18 1.1010837107896805 1 -1
9 IN 10 11 9 1.8902139514684677 2 -1
10 LN -1 -1 -2 -2.0 3 1
11 LN -1 -1 -2 -2.0 3 1
12 IN 13 14 0 -0.6025113165378571 2 -1
13 LN -1 -1 -2 -2.0 3 0
14 LN -1 -1 -2 -2.0 3 0

[TREE 7]
NB_NODES: 15
0 IN 1 8 7 -0.34350887686014175 0 -1
1 IN 2 5 28 2.1764300763607025 1 -1
2 IN 3 4 32 0.40404021739959717 2 -1
3 LN -1 -1 -2 -2.0 3 0
4 LN -1 -1 -2 -2.0 3 0
5 IN 6 7 8 1.8588170409202576 2 -1
6 LN -1 -1 -2 -2.0 3 1
7 LN -1 -1 -2 -2.0 3 0
8 IN 9 12 4 0.0898754708468914 1 -1
9 IN 10 11 28 2.1764300763607025 2 -1
10 LN -1 -1 -2 -2.0 3 1
11 LN -1 -1 -2 -2.0 3 1
12 IN 13 14 0 0.4417453706264496 2 -1
13 LN -1 -1 -2 -2.0 3 0
14 LN -1 -1 -2 -2.0 3 1

[TREE 8]
NB_NODES: 15
0 IN 1 8 7 -0.34350887686014175 0 -1
1 IN 2 5 11 -0.3312531113624573 1 -1
2 IN 3 4 11 -0.671743780374527 2 -1
3 LN -1 -1 -2 -2.0 3 1
4 LN -1 -1 -2 -2.0 3 1
5 IN 6 7 3 1.2834029793739319 2 -1
6 LN -1 -1 -2 -2.0 3 0
7 LN -1 -1 -2 -2.0 3 0
8 IN 9 12 8 0.09027468040585518 1 -1
9 IN 10 11 11 1.0235496759414673 2 -1
10 LN -1 -1 -2 -2.0 3 0
11 LN -1 -1 -2 -2.0 3 1
12 IN 13 14 2 0.5031753033399582 2 -1
13 LN -1 -1 -2 -2.0 3 1
14 LN -1 -1 -2 -2.0 3 1

[TREE 9]
NB_NODES: 15
0 IN 1 8 13 0.6015928685665131 0 -1
1 IN 2 5 8 -0.27165958285331726 1 -1
2 IN 3 4 11 -0.5746880173683167 2 -1
3 LN -1 -1 -2 -2.0 3 0
4 LN -1 -1 -2 -2.0 3 0
5 IN 6 7 10 1.3393299579620361 2 -1
6 LN -1 -1 -2 -2.0 3 0
7 LN -1 -1 -2 -2.0 3 1
8 IN 9 12 19 0.06974083185195923 1 -1
9 IN 10 11 12 2.2282537072896957 2 -1
10 LN -1 -1 -2 -2.0 3 1
11 LN -1 -1 -2 -2.0 3 1
12 IN 13 14 8 2.331425428390503 2 -1
13 LN -1 -1 -2 -2.0 3 1
14 LN -1 -1 -2 -2.0 3 0

